### Sid
<<<<<<< HEAD
This is taj 
=======
names <- c("sid", "taj", "sam", "nandini")
>>>>>>> 50f2f75b79ed643dfc8db9e515257dbc934e518d
